              precision    recall  f1-score   support

           0       0.80      1.00      0.89         4
           1       1.00      1.00      1.00         4
           2       0.80      1.00      0.89         4
           3       1.00      1.00      1.00         4
           4       1.00      0.75      0.86         4
           5       1.00      1.00      1.00         4
           6       1.00      1.00      1.00         4
           7       0.67      1.00      0.80         4
           8       1.00      1.00      1.00         4
           9       1.00      1.00      1.00         4
          10       0.80      1.00      0.89         4
          11       1.00      1.00      1.00         4
          12       0.33      0.25      0.29         4
          13       1.00      0.75      0.86         4
          14       1.00      1.00      1.00         4
          15       1.00      0.25      0.40         4
          16       0.80      1.00      0.89         4
          17       0.00      0.00      0.00         4
          18       1.00      0.75      0.86         4
          19       1.00      0.75      0.86         4
          20       1.00      0.75      0.86         4
          21       1.00      0.25      0.40         4
          22       1.00      1.00      1.00         4
          23       1.00      1.00      1.00         4
          24       0.67      1.00      0.80         4
          25       1.00      1.00      1.00         4
          26       1.00      1.00      1.00         4
          27       1.00      0.50      0.67         4
          28       1.00      1.00      1.00         4
          29       1.00      1.00      1.00         4
          30       1.00      0.75      0.86         4
          31       1.00      1.00      1.00         4
          32       0.80      1.00      0.89         4
          33       1.00      0.50      0.67         4
          34       1.00      1.00      1.00         4
          35       0.80      1.00      0.89         4
          36       1.00      1.00      1.00         4
          37       0.67      1.00      0.80         4
          38       1.00      1.00      1.00         4
          39       1.00      1.00      1.00         4
          40       1.00      1.00      1.00         4
          41       1.00      1.00      1.00         4
          42       1.00      1.00      1.00         4
          43       1.00      1.00      1.00         4
          44       1.00      1.00      1.00         4
          45       1.00      1.00      1.00         4
          46       0.57      1.00      0.73         4
          47       1.00      1.00      1.00         4
          48       0.67      1.00      0.80         4
          49       0.80      1.00      0.89         4
          50       1.00      1.00      1.00         4
          51       1.00      1.00      1.00         4
          52       0.80      1.00      0.89         4
          53       0.80      1.00      0.89         4
          54       0.80      1.00      0.89         4
          55       1.00      1.00      1.00         4

    accuracy                           0.90       224
   macro avg       0.90      0.90      0.88       224
weighted avg       0.90      0.90      0.88       224

rank-5 accuracy 			0.93
rank-10 accuracy 			0.93