              precision    recall  f1-score   support

           0       0.00      0.00      0.00         4
           1       1.00      1.00      1.00         4
           2       0.50      1.00      0.67         4
           3       0.50      1.00      0.67         4
           4       0.22      1.00      0.36         4
           5       1.00      1.00      1.00         4
           6       0.57      1.00      0.73         4
           7       0.00      0.00      0.00         4
           8       1.00      1.00      1.00         4
           9       1.00      1.00      1.00         4
          10       1.00      1.00      1.00         4
          11       1.00      1.00      1.00         4
          12       1.00      0.25      0.40         4
          13       1.00      1.00      1.00         4
          14       0.00      0.00      0.00         4
          15       1.00      1.00      1.00         4
          16       0.33      1.00      0.50         4
          17       1.00      1.00      1.00         4
          18       1.00      1.00      1.00         4
          19       1.00      0.75      0.86         4
          20       0.00      0.00      0.00         4
          21       1.00      1.00      1.00         4
          22       1.00      1.00      1.00         4
          23       1.00      1.00      1.00         4
          24       1.00      1.00      1.00         4
          25       1.00      1.00      1.00         4
          26       0.00      0.00      0.00         4
          27       0.00      0.00      0.00         4
          28       1.00      1.00      1.00         4
          29       1.00      1.00      1.00         4
          30       1.00      1.00      1.00         4
          31       1.00      1.00      1.00         4
          32       1.00      1.00      1.00         4
          33       1.00      1.00      1.00         4
          34       1.00      1.00      1.00         4
          35       1.00      1.00      1.00         4
          36       1.00      1.00      1.00         4
          37       1.00      1.00      1.00         4
          38       1.00      1.00      1.00         4
          39       1.00      1.00      1.00         4
          40       1.00      1.00      1.00         4
          41       1.00      1.00      1.00         4
          42       1.00      1.00      1.00         4
          43       1.00      1.00      1.00         4
          44       1.00      1.00      1.00         4
          45       1.00      1.00      1.00         4
          46       1.00      1.00      1.00         4
          47       1.00      1.00      1.00         4
          48       1.00      1.00      1.00         4
          49       1.00      1.00      1.00         4
          50       1.00      0.75      0.86         4
          51       1.00      1.00      1.00         4
          52       1.00      1.00      1.00         4
          53       1.00      1.00      1.00         4
          54       1.00      1.00      1.00         4
          55       0.00      0.00      0.00         4

    accuracy                           0.85       224
   macro avg       0.82      0.85      0.82       224
weighted avg       0.82      0.85      0.82       224

rank-5 accuracy 			0.97
rank-10 accuracy 			0.98