              precision    recall  f1-score   support

           0       1.00      1.00      1.00         4
           1       0.00      0.00      0.00         4
           2       0.00      0.00      0.00         4
           3       0.00      0.00      0.00         4
           4       0.00      0.00      0.00         4
           5       1.00      1.00      1.00         4
           6       0.00      0.00      0.00         4
           7       0.09      1.00      0.17         4
           8       0.00      0.00      0.00         4
           9       1.00      1.00      1.00         4
          10       1.00      1.00      1.00         4
          11       0.00      0.00      0.00         4
          12       1.00      1.00      1.00         4
          13       0.50      1.00      0.67         4
          14       0.00      0.00      0.00         4
          15       0.50      1.00      0.67         4
          16       0.00      0.00      0.00         4
          17       1.00      1.00      1.00         4
          18       0.00      0.00      0.00         4
          19       0.00      0.00      0.00         4
          20       1.00      1.00      1.00         4
          21       1.00      1.00      1.00         4
          22       0.33      1.00      0.50         4
          23       0.00      0.00      0.00         4
          24       0.00      0.00      0.00         4
          25       0.50      1.00      0.67         4
          26       0.00      0.00      0.00         4
          27       0.00      0.00      0.00         4
          28       1.00      1.00      1.00         4
          29       1.00      1.00      1.00         4
          30       0.50      1.00      0.67         4
          31       0.00      0.00      0.00         4
          32       1.00      1.00      1.00         4
          33       0.00      0.00      0.00         4
          34       1.00      1.00      1.00         4
          35       0.20      1.00      0.33         4
          36       1.00      1.00      1.00         4
          37       1.00      1.00      1.00         4
          38       1.00      1.00      1.00         4
          39       1.00      1.00      1.00         4
          40       0.00      0.00      0.00         4
          41       0.50      1.00      0.67         4
          42       0.50      1.00      0.67         4
          43       1.00      1.00      1.00         4
          44       1.00      1.00      1.00         4
          45       0.00      0.00      0.00         4
          46       0.33      1.00      0.50         4
          47       1.00      1.00      1.00         4
          48       1.00      1.00      1.00         4
          49       0.00      0.00      0.00         4
          50       0.00      0.00      0.00         4
          51       1.00      1.00      1.00         4
          52       0.00      0.00      0.00         4
          53       0.00      0.00      0.00         4
          54       1.00      1.00      1.00         4
          55       0.00      0.00      0.00         4

    accuracy                           0.57       224
   macro avg       0.46      0.57      0.49       224
weighted avg       0.46      0.57      0.49       224

rank-5 accuracy 			0.73
rank-10 accuracy 			0.82