              precision    recall  f1-score   support

           0       1.00      1.00      1.00         4
           1       1.00      0.25      0.40         4
           2       0.00      0.00      0.00         4
           3       1.00      1.00      1.00         4
           4       1.00      0.75      0.86         4
           5       1.00      1.00      1.00         4
           6       1.00      1.00      1.00         4
           7       0.57      1.00      0.73         4
           8       0.50      1.00      0.67         4
           9       1.00      1.00      1.00         4
          10       1.00      0.50      0.67         4
          11       1.00      1.00      1.00         4
          12       0.36      1.00      0.53         4
          13       0.31      1.00      0.47         4
          14       0.50      0.75      0.60         4
          15       1.00      0.75      0.86         4
          16       0.75      0.75      0.75         4
          17       0.00      0.00      0.00         4
          18       1.00      0.75      0.86         4
          19       0.57      1.00      0.73         4
          20       0.75      0.75      0.75         4
          21       1.00      0.25      0.40         4
          22       0.57      1.00      0.73         4
          23       0.67      0.50      0.57         4
          24       1.00      1.00      1.00         4
          25       0.50      0.75      0.60         4
          26       1.00      0.75      0.86         4
          27       1.00      0.50      0.67         4
          28       0.00      0.00      0.00         4
          29       1.00      1.00      1.00         4
          30       1.00      1.00      1.00         4
          31       0.50      0.25      0.33         4
          32       0.36      1.00      0.53         4
          33       1.00      0.75      0.86         4
          34       0.00      0.00      0.00         4
          35       1.00      1.00      1.00         4
          36       1.00      0.50      0.67         4
          37       1.00      1.00      1.00         4
          38       1.00      1.00      1.00         4
          39       1.00      1.00      1.00         4
          40       1.00      1.00      1.00         4
          41       0.60      0.75      0.67         4
          42       0.00      0.00      0.00         4
          43       0.00      0.00      0.00         4
          44       0.67      0.50      0.57         4
          45       1.00      1.00      1.00         4
          46       1.00      0.50      0.67         4
          47       1.00      1.00      1.00         4
          48       1.00      0.25      0.40         4
          49       0.36      1.00      0.53         4
          50       1.00      1.00      1.00         4
          51       0.38      0.75      0.50         4
          52       0.50      0.50      0.50         4
          53       1.00      0.50      0.67         4
          54       1.00      1.00      1.00         4
          55       1.00      0.25      0.40         4

    accuracy                           0.71       224
   macro avg       0.74      0.71      0.68       224
weighted avg       0.74      0.71      0.68       224

rank-5 accuracy 			0.9
rank-10 accuracy 			0.93