              precision    recall  f1-score   support

           0       0.80      1.00      0.89         4
           1       1.00      1.00      1.00         4
           2       1.00      1.00      1.00         4
           3       1.00      1.00      1.00         4
           4       1.00      0.75      0.86         4
           5       1.00      0.75      0.86         4
           6       1.00      1.00      1.00         4
           7       1.00      1.00      1.00         4
           8       0.80      1.00      0.89         4
           9       0.80      1.00      0.89         4
          10       1.00      1.00      1.00         4
          11       0.80      1.00      0.89         4
          12       1.00      0.25      0.40         4
          13       1.00      1.00      1.00         4
          14       0.67      1.00      0.80         4
          15       0.60      0.75      0.67         4
          16       1.00      1.00      1.00         4
          17       0.00      0.00      0.00         4
          18       1.00      0.75      0.86         4
          19       0.50      0.75      0.60         4
          20       0.75      0.75      0.75         4
          21       1.00      0.50      0.67         4
          22       0.80      1.00      0.89         4
          23       1.00      1.00      1.00         4
          24       1.00      1.00      1.00         4
          25       1.00      1.00      1.00         4
          26       0.67      1.00      0.80         4
          27       1.00      0.50      0.67         4
          28       1.00      1.00      1.00         4
          29       1.00      1.00      1.00         4
          30       1.00      0.75      0.86         4
          31       0.80      1.00      0.89         4
          32       1.00      1.00      1.00         4
          33       1.00      0.75      0.86         4
          34       1.00      1.00      1.00         4
          35       1.00      1.00      1.00         4
          36       0.80      1.00      0.89         4
          37       1.00      1.00      1.00         4
          38       1.00      1.00      1.00         4
          39       1.00      1.00      1.00         4
          40       0.57      1.00      0.73         4
          41       1.00      1.00      1.00         4
          42       1.00      1.00      1.00         4
          43       1.00      1.00      1.00         4
          44       1.00      1.00      1.00         4
          45       1.00      1.00      1.00         4
          46       1.00      1.00      1.00         4
          47       1.00      1.00      1.00         4
          48       1.00      1.00      1.00         4
          49       1.00      1.00      1.00         4
          50       1.00      1.00      1.00         4
          51       1.00      1.00      1.00         4
          52       1.00      1.00      1.00         4
          53       1.00      1.00      1.00         4
          54       1.00      1.00      1.00         4
          55       0.33      0.25      0.29         4

    accuracy                           0.90       224
   macro avg       0.91      0.90      0.89       224
weighted avg       0.91      0.90      0.89       224

rank-5 accuracy 			0.92
rank-10 accuracy 			0.93