              precision    recall  f1-score   support

           0       1.00      0.75      0.86         4
           1       0.00      0.00      0.00         4
           2       0.11      0.25      0.15         4
           3       1.00      1.00      1.00         4
           4       1.00      0.75      0.86         4
           5       1.00      1.00      1.00         4
           6       1.00      1.00      1.00         4
           7       0.50      1.00      0.67         4
           8       0.00      0.00      0.00         4
           9       0.75      0.75      0.75         4
          10       0.00      0.00      0.00         4
          11       1.00      1.00      1.00         4
          12       1.00      1.00      1.00         4
          13       0.27      0.75      0.40         4
          14       0.50      0.50      0.50         4
          15       0.60      0.75      0.67         4
          16       0.30      0.75      0.43         4
          17       0.00      0.00      0.00         4
          18       0.60      0.75      0.67         4
          19       1.00      0.25      0.40         4
          20       0.50      0.25      0.33         4
          21       1.00      0.25      0.40         4
          22       1.00      1.00      1.00         4
          23       0.60      0.75      0.67         4
          24       1.00      1.00      1.00         4
          25       0.67      0.50      0.57         4
          26       0.25      0.25      0.25         4
          27       1.00      0.25      0.40         4
          28       0.12      0.25      0.17         4
          29       1.00      1.00      1.00         4
          30       1.00      1.00      1.00         4
          31       0.43      0.75      0.55         4
          32       0.00      0.00      0.00         4
          33       1.00      0.75      0.86         4
          34       0.00      0.00      0.00         4
          35       1.00      1.00      1.00         4
          36       0.00      0.00      0.00         4
          37       1.00      1.00      1.00         4
          38       0.75      0.75      0.75         4
          39       1.00      1.00      1.00         4
          40       1.00      1.00      1.00         4
          41       0.33      0.25      0.29         4
          42       0.00      0.00      0.00         4
          43       0.00      0.00      0.00         4
          44       1.00      0.25      0.40         4
          45       0.80      1.00      0.89         4
          46       0.36      1.00      0.53         4
          47       0.80      1.00      0.89         4
          48       0.36      1.00      0.53         4
          49       0.00      0.00      0.00         4
          50       1.00      1.00      1.00         4
          51       0.40      1.00      0.57         4
          52       0.40      0.50      0.44         4
          53       0.00      0.00      0.00         4
          54       1.00      1.00      1.00         4
          55       0.57      1.00      0.73         4

    accuracy                           0.61       224
   macro avg       0.59      0.61      0.56       224
weighted avg       0.59      0.61      0.56       224

rank-5 accuracy 			0.89
rank-10 accuracy 			0.9