              precision    recall  f1-score   support

           0       0.80      1.00      0.89         4
           1       1.00      0.75      0.86         4
           2       1.00      0.75      0.86         4
           3       1.00      1.00      1.00         4
           4       1.00      0.50      0.67         4
           5       0.50      1.00      0.67         4
           6       1.00      1.00      1.00         4
           7       1.00      1.00      1.00         4
           8       0.44      1.00      0.62         4
           9       1.00      1.00      1.00         4
          10       0.44      1.00      0.62         4
          11       0.67      1.00      0.80         4
          12       1.00      0.25      0.40         4
          13       1.00      0.75      0.86         4
          14       0.80      1.00      0.89         4
          15       1.00      0.75      0.86         4
          16       1.00      1.00      1.00         4
          17       0.00      0.00      0.00         4
          18       1.00      0.75      0.86         4
          19       0.43      0.75      0.55         4
          20       1.00      0.75      0.86         4
          21       1.00      0.50      0.67         4
          22       1.00      1.00      1.00         4
          23       0.00      0.00      0.00         4
          24       1.00      1.00      1.00         4
          25       0.50      1.00      0.67         4
          26       1.00      1.00      1.00         4
          27       1.00      0.75      0.86         4
          28       1.00      0.25      0.40         4
          29       1.00      1.00      1.00         4
          30       0.80      1.00      0.89         4
          31       1.00      0.75      0.86         4
          32       1.00      1.00      1.00         4
          33       1.00      0.75      0.86         4
          34       0.67      1.00      0.80         4
          35       1.00      1.00      1.00         4
          36       1.00      1.00      1.00         4
          37       1.00      1.00      1.00         4
          38       1.00      1.00      1.00         4
          39       1.00      1.00      1.00         4
          40       1.00      1.00      1.00         4
          41       1.00      1.00      1.00         4
          42       1.00      1.00      1.00         4
          43       1.00      1.00      1.00         4
          44       0.00      0.00      0.00         4
          45       1.00      1.00      1.00         4
          46       1.00      1.00      1.00         4
          47       1.00      1.00      1.00         4
          48       1.00      1.00      1.00         4
          49       0.67      1.00      0.80         4
          50       1.00      1.00      1.00         4
          51       0.40      1.00      0.57         4
          52       1.00      1.00      1.00         4
          53       0.00      0.00      0.00         4
          54       1.00      1.00      1.00         4
          55       0.00      0.00      0.00         4

    accuracy                           0.82       224
   macro avg       0.82      0.82      0.80       224
weighted avg       0.82      0.82      0.80       224

rank-5 accuracy 			0.91
rank-10 accuracy 			0.91