              precision    recall  f1-score   support

           0       1.00      0.25      0.40         4
           1       1.00      1.00      1.00         4
           2       0.80      1.00      0.89         4
           3       0.57      1.00      0.73         4
           4       1.00      0.75      0.86         4
           5       1.00      1.00      1.00         4
           6       1.00      1.00      1.00         4
           7       1.00      1.00      1.00         4
           8       1.00      1.00      1.00         4
           9       1.00      1.00      1.00         4
          10       0.44      1.00      0.62         4
          11       0.80      1.00      0.89         4
          12       1.00      0.25      0.40         4
          13       1.00      0.75      0.86         4
          14       1.00      1.00      1.00         4
          15       0.50      0.25      0.33         4
          16       1.00      1.00      1.00         4
          17       0.00      0.00      0.00         4
          18       1.00      0.75      0.86         4
          19       1.00      0.75      0.86         4
          20       1.00      0.75      0.86         4
          21       0.67      0.50      0.57         4
          22       0.80      1.00      0.89         4
          23       0.80      1.00      0.89         4
          24       1.00      1.00      1.00         4
          25       1.00      1.00      1.00         4
          26       1.00      1.00      1.00         4
          27       0.25      0.25      0.25         4
          28       0.50      1.00      0.67         4
          29       1.00      1.00      1.00         4
          30       1.00      0.75      0.86         4
          31       1.00      1.00      1.00         4
          32       1.00      1.00      1.00         4
          33       1.00      0.75      0.86         4
          34       1.00      1.00      1.00         4
          35       1.00      1.00      1.00         4
          36       1.00      1.00      1.00         4
          37       1.00      1.00      1.00         4
          38       1.00      1.00      1.00         4
          39       1.00      1.00      1.00         4
          40       1.00      1.00      1.00         4
          41       1.00      1.00      1.00         4
          42       1.00      1.00      1.00         4
          43       1.00      1.00      1.00         4
          44       1.00      1.00      1.00         4
          45       1.00      1.00      1.00         4
          46       0.57      1.00      0.73         4
          47       1.00      1.00      1.00         4
          48       1.00      1.00      1.00         4
          49       1.00      1.00      1.00         4
          50       1.00      1.00      1.00         4
          51       0.80      1.00      0.89         4
          52       1.00      1.00      1.00         4
          53       1.00      1.00      1.00         4
          54       1.00      1.00      1.00         4
          55       1.00      1.00      1.00         4

    accuracy                           0.89       224
   macro avg       0.90      0.89      0.88       224
weighted avg       0.90      0.89      0.88       224

rank-5 accuracy 			0.92
rank-10 accuracy 			0.93
train time 				66.57862758636475 seconds