              precision    recall  f1-score   support

           0       1.00      1.00      1.00         4
           1       0.67      1.00      0.80         4
           2       0.50      1.00      0.67         4
           3       1.00      0.25      0.40         4
           4       1.00      0.50      0.67         4
           5       1.00      1.00      1.00         4
           6       1.00      1.00      1.00         4
           7       1.00      1.00      1.00         4
           8       1.00      1.00      1.00         4
           9       0.80      1.00      0.89         4
          10       0.75      0.75      0.75         4
          11       0.80      1.00      0.89         4
          12       0.50      0.25      0.33         4
          13       0.80      1.00      0.89         4
          14       0.60      0.75      0.67         4
          15       1.00      0.25      0.40         4
          16       0.80      1.00      0.89         4
          17       0.00      0.00      0.00         4
          18       1.00      0.75      0.86         4
          19       1.00      0.75      0.86         4
          20       1.00      0.75      0.86         4
          21       1.00      0.50      0.67         4
          22       1.00      1.00      1.00         4
          23       0.57      1.00      0.73         4
          24       1.00      1.00      1.00         4
          25       1.00      0.25      0.40         4
          26       1.00      1.00      1.00         4
          27       1.00      0.50      0.67         4
          28       0.50      0.50      0.50         4
          29       1.00      1.00      1.00         4
          30       0.33      1.00      0.50         4
          31       1.00      1.00      1.00         4
          32       1.00      1.00      1.00         4
          33       1.00      0.75      0.86         4
          34       1.00      1.00      1.00         4
          35       1.00      1.00      1.00         4
          36       1.00      1.00      1.00         4
          37       1.00      1.00      1.00         4
          38       0.80      1.00      0.89         4
          39       0.57      1.00      0.73         4
          40       1.00      1.00      1.00         4
          41       1.00      1.00      1.00         4
          42       1.00      1.00      1.00         4
          43       1.00      1.00      1.00         4
          44       1.00      1.00      1.00         4
          45       1.00      1.00      1.00         4
          46       1.00      1.00      1.00         4
          47       1.00      1.00      1.00         4
          48       1.00      1.00      1.00         4
          49       0.00      0.00      0.00         4
          50       1.00      1.00      1.00         4
          51       1.00      1.00      1.00         4
          52       0.57      1.00      0.73         4
          53       1.00      1.00      1.00         4
          54       1.00      1.00      1.00         4
          55       1.00      1.00      1.00         4

    accuracy                           0.85       224
   macro avg       0.87      0.85      0.83       224
weighted avg       0.87      0.85      0.83       224

rank-5 accuracy 			0.92
rank-10 accuracy 			0.92