              precision    recall  f1-score   support

           0       0.67      1.00      0.80         4
           1       0.27      1.00      0.42         4
           2       1.00      1.00      1.00         4
           3       1.00      1.00      1.00         4
           4       1.00      0.50      0.67         4
           5       1.00      1.00      1.00         4
           6       1.00      1.00      1.00         4
           7       1.00      0.75      0.86         4
           8       0.00      0.00      0.00         4
           9       1.00      1.00      1.00         4
          10       0.00      0.00      0.00         4
          11       0.80      1.00      0.89         4
          12       1.00      0.25      0.40         4
          13       1.00      0.25      0.40         4
          14       0.80      1.00      0.89         4
          15       1.00      0.50      0.67         4
          16       0.80      1.00      0.89         4
          17       0.00      0.00      0.00         4
          18       1.00      0.75      0.86         4
          19       1.00      0.75      0.86         4
          20       1.00      0.75      0.86         4
          21       0.75      0.75      0.75         4
          22       1.00      1.00      1.00         4
          23       0.50      1.00      0.67         4
          24       1.00      1.00      1.00         4
          25       1.00      0.25      0.40         4
          26       1.00      1.00      1.00         4
          27       1.00      0.75      0.86         4
          28       0.00      0.00      0.00         4
          29       1.00      1.00      1.00         4
          30       1.00      1.00      1.00         4
          31       1.00      1.00      1.00         4
          32       1.00      1.00      1.00         4
          33       1.00      0.75      0.86         4
          34       1.00      1.00      1.00         4
          35       0.80      1.00      0.89         4
          36       1.00      1.00      1.00         4
          37       0.57      1.00      0.73         4
          38       1.00      1.00      1.00         4
          39       0.80      1.00      0.89         4
          40       1.00      1.00      1.00         4
          41       1.00      1.00      1.00         4
          42       0.67      1.00      0.80         4
          43       1.00      1.00      1.00         4
          44       1.00      1.00      1.00         4
          45       1.00      1.00      1.00         4
          46       0.00      0.00      0.00         4
          47       1.00      1.00      1.00         4
          48       1.00      1.00      1.00         4
          49       1.00      1.00      1.00         4
          50       1.00      1.00      1.00         4
          51       0.57      1.00      0.73         4
          52       1.00      1.00      1.00         4
          53       0.33      1.00      0.50         4
          54       1.00      1.00      1.00         4
          55       1.00      1.00      1.00         4

    accuracy                           0.82       224
   macro avg       0.83      0.82      0.79       224
weighted avg       0.83      0.82      0.79       224

rank-5 accuracy 			0.9
rank-10 accuracy 			0.91