              precision    recall  f1-score   support

           0       0.00      0.00      0.00         4
           1       0.00      0.00      0.00         4
           2       0.00      0.00      0.00         4
           3       0.00      0.00      0.00         4
           4       0.00      0.00      0.00         4
           5       0.00      0.00      0.00         4
           6       0.10      1.00      0.19         4
           7       0.00      0.00      0.00         4
           8       0.00      0.00      0.00         4
           9       0.00      0.00      0.00         4
          10       0.00      0.00      0.00         4
          11       0.00      0.00      0.00         4
          12       0.00      0.00      0.00         4
          13       0.12      1.00      0.22         4
          14       0.00      0.00      0.00         4
          15       0.00      0.00      0.00         4
          16       0.00      0.00      0.00         4
          17       0.00      0.00      0.00         4
          18       0.00      0.00      0.00         4
          19       0.17      1.00      0.29         4
          20       0.00      0.00      0.00         4
          21       0.50      1.00      0.67         4
          22       0.00      0.00      0.00         4
          23       0.00      0.00      0.00         4
          24       0.00      0.00      0.00         4
          25       1.00      1.00      1.00         4
          26       0.00      0.00      0.00         4
          27       0.00      0.00      0.00         4
          28       0.00      0.00      0.00         4
          29       0.00      0.00      0.00         4
          30       0.00      0.00      0.00         4
          31       0.00      0.00      0.00         4
          32       0.00      0.00      0.00         4
          33       0.00      0.00      0.00         4
          34       0.00      0.00      0.00         4
          35       1.00      1.00      1.00         4
          36       0.00      0.00      0.00         4
          37       0.00      0.00      0.00         4
          38       0.00      0.00      0.00         4
          39       0.25      1.00      0.40         4
          40       0.00      0.00      0.00         4
          41       0.00      0.00      0.00         4
          42       0.00      0.00      0.00         4
          43       0.33      1.00      0.50         4
          44       0.00      0.00      0.00         4
          45       0.00      0.00      0.00         4
          46       0.33      1.00      0.50         4
          47       0.00      0.00      0.00         4
          48       0.00      0.00      0.00         4
          49       0.06      1.00      0.12         4
          50       0.00      0.00      0.00         4
          51       0.00      0.00      0.00         4
          52       0.00      0.00      0.00         4
          53       1.00      1.00      1.00         4
          54       0.00      0.00      0.00         4
          55       0.00      0.00      0.00         4

    accuracy                           0.20       224
   macro avg       0.09      0.20      0.10       224
weighted avg       0.09      0.20      0.10       224

rank-5 accuracy 			0.33
rank-10 accuracy 			0.41