              precision    recall  f1-score   support

           0       1.00      1.00      1.00         4
           1       0.00      0.00      0.00         4
           2       1.00      1.00      1.00         4
           3       0.50      1.00      0.67         4
           4       0.00      0.00      0.00         4
           5       0.57      1.00      0.73         4
           6       0.00      0.00      0.00         4
           7       0.00      0.00      0.00         4
           8       1.00      1.00      1.00         4
           9       1.00      1.00      1.00         4
          10       0.44      1.00      0.62         4
          11       1.00      1.00      1.00         4
          12       1.00      0.25      0.40         4
          13       1.00      0.75      0.86         4
          14       0.00      0.00      0.00         4
          15       1.00      1.00      1.00         4
          16       0.00      0.00      0.00         4
          17       1.00      1.00      1.00         4
          18       1.00      1.00      1.00         4
          19       0.00      0.00      0.00         4
          20       0.00      0.00      0.00         4
          21       0.00      0.00      0.00         4
          22       1.00      1.00      1.00         4
          23       1.00      1.00      1.00         4
          24       1.00      1.00      1.00         4
          25       1.00      1.00      1.00         4
          26       0.33      1.00      0.50         4
          27       0.14      1.00      0.25         4
          28       1.00      1.00      1.00         4
          29       1.00      1.00      1.00         4
          30       1.00      1.00      1.00         4
          31       0.00      0.00      0.00         4
          32       0.00      0.00      0.00         4
          33       0.17      1.00      0.29         4
          34       0.00      0.00      0.00         4
          35       1.00      1.00      1.00         4
          36       0.00      0.00      0.00         4
          37       1.00      1.00      1.00         4
          38       1.00      1.00      1.00         4
          39       0.00      0.00      0.00         4
          40       0.00      0.00      0.00         4
          41       1.00      1.00      1.00         4
          42       0.00      0.00      0.00         4
          43       0.33      1.00      0.50         4
          44       0.50      1.00      0.67         4
          45       1.00      1.00      1.00         4
          46       0.00      0.00      0.00         4
          47       1.00      1.00      1.00         4
          48       0.33      1.00      0.50         4
          49       1.00      1.00      1.00         4
          50       1.00      1.00      1.00         4
          51       0.00      0.00      0.00         4
          52       0.00      0.00      0.00         4
          53       1.00      1.00      1.00         4
          54       1.00      1.00      1.00         4
          55       0.00      0.00      0.00         4

    accuracy                           0.62       224
   macro avg       0.54      0.62      0.55       224
weighted avg       0.54      0.62      0.55       224

rank-5 accuracy 			0.82
rank-10 accuracy 			0.86