              precision    recall  f1-score   support

           0       0.00      0.00      0.00         4
           1       0.25      1.00      0.40         4
           2       0.12      0.25      0.17         4
           3       1.00      0.25      0.40         4
           4       1.00      0.75      0.86         4
           5       1.00      1.00      1.00         4
           6       1.00      1.00      1.00         4
           7       0.80      1.00      0.89         4
           8       0.60      0.75      0.67         4
           9       0.67      1.00      0.80         4
          10       0.00      0.00      0.00         4
          11       1.00      1.00      1.00         4
          12       1.00      0.25      0.40         4
          13       0.00      0.00      0.00         4
          14       0.50      0.50      0.50         4
          15       1.00      0.50      0.67         4
          16       1.00      1.00      1.00         4
          17       0.00      0.00      0.00         4
          18       1.00      0.75      0.86         4
          19       0.33      0.50      0.40         4
          20       1.00      0.75      0.86         4
          21       0.75      0.75      0.75         4
          22       0.75      0.75      0.75         4
          23       0.67      1.00      0.80         4
          24       1.00      1.00      1.00         4
          25       0.00      0.00      0.00         4
          26       0.29      0.50      0.36         4
          27       0.67      1.00      0.80         4
          28       0.00      0.00      0.00         4
          29       1.00      1.00      1.00         4
          30       0.67      0.50      0.57         4
          31       0.50      0.25      0.33         4
          32       0.00      0.00      0.00         4
          33       1.00      0.75      0.86         4
          34       0.50      1.00      0.67         4
          35       0.80      1.00      0.89         4
          36       0.00      0.00      0.00         4
          37       1.00      1.00      1.00         4
          38       1.00      0.25      0.40         4
          39       0.33      1.00      0.50         4
          40       1.00      1.00      1.00         4
          41       1.00      0.25      0.40         4
          42       1.00      0.75      0.86         4
          43       1.00      1.00      1.00         4
          44       0.60      0.75      0.67         4
          45       1.00      1.00      1.00         4
          46       0.75      0.75      0.75         4
          47       1.00      1.00      1.00         4
          48       0.67      0.50      0.57         4
          49       0.33      0.25      0.29         4
          50       1.00      1.00      1.00         4
          51       0.67      0.50      0.57         4
          52       0.57      1.00      0.73         4
          53       0.67      0.50      0.57         4
          54       0.40      1.00      0.57         4
          55       0.25      0.25      0.25         4

    accuracy                           0.63       224
   macro avg       0.64      0.63      0.60       224
weighted avg       0.64      0.63      0.60       224

rank-5 accuracy 			0.94
rank-10 accuracy 			0.95