              precision    recall  f1-score   support

           0       0.25      0.25      0.25         4
           1       0.29      0.50      0.36         4
           2       0.25      0.50      0.33         4
           3       0.36      1.00      0.53         4
           4       0.50      0.75      0.60         4
           5       1.00      1.00      1.00         4
           6       0.57      1.00      0.73         4
           7       0.00      0.00      0.00         4
           8       0.33      1.00      0.50         4
           9       0.57      1.00      0.73         4
          10       0.00      0.00      0.00         4
          11       0.80      1.00      0.89         4
          12       1.00      0.25      0.40         4
          13       0.25      0.25      0.25         4
          14       0.00      0.00      0.00         4
          15       0.00      0.00      0.00         4
          16       0.40      1.00      0.57         4
          17       0.00      0.00      0.00         4
          18       0.50      0.50      0.50         4
          19       0.00      0.00      0.00         4
          20       0.50      0.25      0.33         4
          21       0.60      0.75      0.67         4
          22       0.75      0.75      0.75         4
          23       0.57      1.00      0.73         4
          24       1.00      1.00      1.00         4
          25       1.00      0.25      0.40         4
          26       0.00      0.00      0.00         4
          27       1.00      0.25      0.40         4
          28       0.00      0.00      0.00         4
          29       0.80      1.00      0.89         4
          30       1.00      0.25      0.40         4
          31       0.00      0.00      0.00         4
          32       1.00      0.25      0.40         4
          33       0.75      0.75      0.75         4
          34       0.36      1.00      0.53         4
          35       0.67      1.00      0.80         4
          36       0.00      0.00      0.00         4
          37       0.00      0.00      0.00         4
          38       1.00      0.25      0.40         4
          39       0.00      0.00      0.00         4
          40       1.00      1.00      1.00         4
          41       0.67      0.50      0.57         4
          42       0.50      1.00      0.67         4
          43       1.00      1.00      1.00         4
          44       0.43      0.75      0.55         4
          45       1.00      1.00      1.00         4
          46       0.00      0.00      0.00         4
          47       1.00      1.00      1.00         4
          48       0.00      0.00      0.00         4
          49       0.27      0.75      0.40         4
          50       1.00      1.00      1.00         4
          51       0.00      0.00      0.00         4
          52       0.60      0.75      0.67         4
          53       0.00      0.00      0.00         4
          54       1.00      1.00      1.00         4
          55       0.50      0.75      0.60         4

    accuracy                           0.52       224
   macro avg       0.48      0.52      0.46       224
weighted avg       0.48      0.52      0.46       224

rank-5 accuracy 			0.89
rank-10 accuracy 			0.91