              precision    recall  f1-score   support

           0       1.00      1.00      1.00         4
           1       0.00      0.00      0.00         4
           2       0.40      1.00      0.57         4
           3       0.80      1.00      0.89         4
           4       0.57      1.00      0.73         4
           5       1.00      0.75      0.86         4
           6       1.00      1.00      1.00         4
           7       0.25      0.25      0.25         4
           8       1.00      0.25      0.40         4
           9       0.67      1.00      0.80         4
          10       0.00      0.00      0.00         4
          11       1.00      1.00      1.00         4
          12       1.00      0.25      0.40         4
          13       0.25      1.00      0.40         4
          14       1.00      0.50      0.67         4
          15       0.25      0.25      0.25         4
          16       0.80      1.00      0.89         4
          17       1.00      0.25      0.40         4
          18       1.00      0.75      0.86         4
          19       0.50      0.50      0.50         4
          20       1.00      0.75      0.86         4
          21       1.00      0.25      0.40         4
          22       1.00      1.00      1.00         4
          23       0.67      1.00      0.80         4
          24       1.00      1.00      1.00         4
          25       1.00      0.50      0.67         4
          26       1.00      0.25      0.40         4
          27       0.67      0.50      0.57         4
          28       0.00      0.00      0.00         4
          29       1.00      1.00      1.00         4
          30       0.44      1.00      0.62         4
          31       0.80      1.00      0.89         4
          32       0.44      1.00      0.62         4
          33       1.00      0.75      0.86         4
          34       1.00      0.50      0.67         4
          35       1.00      1.00      1.00         4
          36       1.00      1.00      1.00         4
          37       1.00      1.00      1.00         4
          38       1.00      0.50      0.67         4
          39       1.00      0.25      0.40         4
          40       0.36      1.00      0.53         4
          41       0.80      1.00      0.89         4
          42       1.00      1.00      1.00         4
          43       1.00      0.75      0.86         4
          44       1.00      1.00      1.00         4
          45       1.00      1.00      1.00         4
          46       0.44      1.00      0.62         4
          47       1.00      1.00      1.00         4
          48       1.00      0.25      0.40         4
          49       0.00      0.00      0.00         4
          50       0.80      1.00      0.89         4
          51       1.00      0.75      0.86         4
          52       1.00      0.75      0.86         4
          53       0.67      0.50      0.57         4
          54       0.67      1.00      0.80         4
          55       0.67      0.50      0.57         4

    accuracy                           0.71       224
   macro avg       0.77      0.71      0.68       224
weighted avg       0.77      0.71      0.68       224

rank-5 accuracy 			0.92
rank-10 accuracy 			0.93
train time				1868.2263927459717 seconds